0
0
17472
406318
43
6141
5011627
402
107
76106
37
18348154
24
16159290
1691874
18348154
3
1942468
152
2928145
5722172
7307
628822
532
0
1716
543902
837483
543902
8802
622
33935
3836142
3352983
165505
43
3836142
350466
18348154
64986
350466
3352983
43
1319835104265
20603
53
4252
104214
470359
64986
406318
81
152
53
333
53
192620
470359
2229222
6141
10999216
1
7445877
40110
55241
3560
64986
1691874
17472
6
55241
1942468
10433
88963
726080
6
23
233907689
1472339
402
2030
43
30325247
165505
23
3
6529149
963
23615321
47128
350466
2229222
5011627
1691874
3352983
12
402
1768439606
402
1205758522682

