9
1 1 1
0
2 2 1
0 1
1 0
5 4 8
0 0 1 1 0
0 0 1 0 0
0 0 0 1 1
0 0 0 0 1
0 0 0 1 0
5 4 9
0 0 1 1 0
0 0 1 0 0
0 0 0 1 1
0 0 0 0 1
0 0 0 1 0
5 2 8
0 0 1 1 0
0 0 1 0 0
0 0 0 1 1
0 0 0 0 1
0 0 0 1 0
5 3 4
0 0 1 1 0
0 0 1 0 0
0 0 0 1 1
0 0 0 0 1
0 0 0 1 0
10 8 5
0 0 0 1 0 0 0 0 0 1
0 0 0 0 0 0 0 0 0 1
0 0 0 0 1 0 1 0 0 0
1 0 0 0 0 1 0 0 0 0
0 0 0 0 0 0 0 1 0 0
0 0 0 0 0 0 1 0 0 0
0 1 1 0 0 0 0 0 0 0
0 0 0 0 0 0 0 0 0 0
0 0 0 0 1 0 0 0 0 0
0 0 0 0 0 0 1 0 0 0
10 7 10
0 0 0 1 0 0 0 0 0 1
0 0 0 0 0 0 0 0 0 1
0 0 0 0 1 0 1 0 0 0
1 0 0 0 0 1 0 0 0 0
0 0 0 0 0 0 0 1 0 0
0 0 0 0 0 0 1 0 0 0
0 1 1 0 0 0 0 0 0 0
0 0 0 0 0 0 0 0 0 0
0 0 0 0 1 0 0 0 0 0
0 0 0 0 0 0 1 0 0 0
10 5 3
0 0 0 1 0 0 0 0 0 1
0 0 0 0 0 0 0 0 0 1
0 0 0 0 1 0 1 0 0 0
1 0 0 0 0 1 0 0 0 0
0 0 0 0 0 0 0 1 0 0
0 0 0 0 0 0 1 0 0 0
0 1 1 0 0 0 0 0 0 0
0 0 0 0 0 0 0 0 0 0
0 0 0 0 1 0 0 0 0 0
0 0 0 0 0 0 1 0 0 0
